0.0011611 1487321209.5228
0.0020 1487321209.6015
0.0010 1487321209.6721
0.0064 1487321209.7449
0.0047 1487321209.8154
0.0037 1487321209.8856
0.0066 1487321209.9870
0.0040 1487321210.0649
0.0040 1487321210.1344
0.0051 1487321210.2022
0.0078 1487321210.2735
0.0060 1487321210.3430
0.0051 1487321210.4126
0.0041 1487321210.4811
0.0037 1487321210.5529
0.0034 1487321210.6202
0.0044 1487321210.6876
0.0080 1487321210.7596
0.0043 1487321210.8328
0.0035 1487321210.9006
0.0046 1487321210.9839
0.0046 1487321211.0520
0.0057 1487321211.1292
0.0047 1487321211.2032
0.0040 1487321211.2787
0.0036 1487321211.3471
0.0040 1487321211.4136
0.0042 1487321211.4819
0.0038 1487321211.5490
0.0051 1487321211.6184
0.0069 1487321211.6898
0.0043 1487321211.7585
0.0067 1487321211.8288
0.0040 1487321211.8971
0.0037 1487321211.9628
0.0067 1487321212.0346
0.0059 1487321212.1049
0.0040 1487321212.1733
0.0056 1487321212.2419
